───────────────────────────────────────────────────────────────────────────────
Language            Files       Lines    Blanks  Comments       Code Complexity
───────────────────────────────────────────────────────────────────────────────
TypeScript            119      16,173     1,769       842     13,562      1,021
JavaScript             96      26,321     3,482     4,627     18,212      1,840
Markdown               89      29,673     6,319         0     23,354          0
JSON                   17      24,490         0         0     24,490          0
SQL                    13       4,902       200       289      4,413          0
Plain Text             11      49,645       327         0     49,318          0
Powershell             10       1,373       211        79      1,083        153
Shell                   8         903        88        76        739         41
Batch                   6         701        71        39        591         69
SVG                     5           5         0         0          5          0
Docker ignore           2          26         0         0         26          0
Dockerfile              2          49        11         6         32          0
CSS                     1         166        12         7        147          0
HTML                    1         879        95        22        762          0
YAML                    1          69         4        22         43          0
───────────────────────────────────────────────────────────────────────────────
Total                 381     155,375    12,589     6,009    136,777      3,124
───────────────────────────────────────────────────────────────────────────────
Estimated Cost to Develop (organic) $4,725,078
Estimated Schedule Effort (organic) 24.81 months
Estimated People Required (organic) 16.92
───────────────────────────────────────────────────────────────────────────────
Processed 6741554 bytes, 6.742 megabytes (SI)
───────────────────────────────────────────────────────────────────────────────
